6822
1670
6165
7392
8122
2978
8373
5537
9397
2080
9848
8130
1093
7609
6812
9004
6775
5795
6552
1450
7914
4248
9793
1499
5671
9890
1228
9385
7610
2159
1792
5958
7149
6097
5819
6644
7400
6223
6021
2972
4782
6668
2700
1811
1628
6725
3446
8300
1706
9594
5401
3347
8955
1221
2120
8966
5075
8279
2508
8605
1413
9111
2835
4494
1872
8812
3913
5871
1220
4756
5398
7989
2615
9909
3770
7397
5695
2105
2245
6917
2403
7639
6378
4822
3499
1494
4258
1129
4355
9407
6846
6043
1382
4649
6561
1624
9416
8611
9805
1547
2648
6891
4308
2076
3341
5957
5438
3462
7198
1865
8391
8377
9816
3358
9760
1574
1674
9176
3698
4160
2188
5261
6935
3809
6876
3972
2676
7670
8466
4129
2294
8983
7477
7456
8519
6914
9282
8396
2229
3868
1242
3775
7907
3573
7098
6130
8085
9155
4977
5073
8716
1733
3614
4735
9248
5491
1545
6202
1509
7611
6435
8932
7940
2724
8604
1915
8497
6824
6801
6973
6075
6274
5753
8438
7450
9976
9783
9925
5772
4457
3301
9629
4417
4022
3669
5071
6099
8679
7927
5514
5735
2023
9575
8472
1295
9477
8005
1214
3337
8801
