27339788
27520993
27015685
27482400
27292538
27219413
27076367
27253254
27279774
27160222
27520830
27810497
27734382
27032749
27075481
27674795
27820350
27739729
27970575
27548742
27607356
27721265
27647169
27592919
27409283
27839911
27670042
27929079
27915130
27431071
27393645
27019203
27710239
27259912
27423490
27842196
27800761
27281077
27398087
27820673
27182518
27917096
27805082
27121765
27807674
27883824
27874518
27007354
27468904
27202946
27672021
27260898
27695691
27519846
27095292
27926882
27199323
27704831
27221547
27586581
27202814
27182366
27279341
27425151
27964676
27811564
27409622
27750036
27179256
27194026
27123874
27236234
27000000
27230146
27018727
27017090
27423463
27879116
27428369
27386742
27556241
27008694
27225930
27390645
27474077
27060373
27121544
27547092
27390378
27362500
27316699
27445485
27216654
27031169
27128296
27684170
27144632
27685754
27770591
27446326
27925055
27673333
27972488
27600526
27708794
27200044
27226661
27698340
27615392
27100317
27151599
27475889
27888700
27336568
27935221
27193835
27261991
27343605
27768737
27581951
27990799
27390161
27165497
27134967
27679983
27966275
27978086
27193117
27924695
27561940
27524420
27820920
27302999
27898114
27864989
27061776
27201968
27110844
27904329
27883014
27507850
27443819
27517737
27712189
27865884
27498857
27736560
27383068
27313875
27400686
27615258
27206012
27596907
27601514
27507482
27603030
27067575
27575248
27980699
27872532
27501635
27512313
27807812
27147808
27956976
27356925
27461326
27322405
27417609
27975443
27061183
27379085
27826925
27577393
27665512
27429028
27121212
27829305
27202784
27041113
27799937
27688419
27940106
27723584
27119242
27007912
27331780
27007881
27213581
27246249
27760368
27735380
27628962
27692667
27096848
27416957
27529968
27577178
27424096
27837177
27163348
27363750
27188544
27681901
27009722
27367984
27047127
27056000
27223819
27203530
27319105
27582201
27889057
27601024
27153188
27650821
27718567
27396704
27068165
27888130
27362124
27958231
27892183
27725738
27573965
27030689
27818762
27554730
27344812
27719782
27921834
27842321
27349852
27251528
27405219
27443223
27709405
27141651
27889938
27564090
27431328
27350217
27565071
27979505
27475496
27610963
27797686
27845314
27541321
27519295
27064372
27644696
27462393
27075837
27931826
27482042
27077417
27097097
27957023
27186206
27140580
27325305
27472077
27105802
27719022
27541745
27053748
27903636
27822884
27513922
27875423
27452549
27712709
27764765
27095339
27429471
27650488
27327674
27348260
27167081
27061341
27060871
27251582
27611732
27549211
27930010
27140015
27486190
27878200
27943124
27695974
27206054
27659881
27853233
27160390
27785564
27299817
27554147
27323125
27099203
27267054
27324636
27832191
27289998
27118598
27236376
27984380
27856382
27927568
27236532
27076745
27271511
27957135
27131933
27683520
27669415
27724727
27916651
27032123
27525942
27027130
27681552
27607968
27518339
27228203
27901201
27302206
27277415
27730035
27121216
27141657
27283592
27000756
27772204
27618083
27453212
27839972
27929588
27077981
27767295
27571476
27475424
27111797
27326374
27612375
27432660
27691267
27202497
27700777
27271671
27993432
27371060
27220346
27214167
27953487
27445474
27762804
27333583
27312548
27243208
27144424
27600989
27422016
27332572
27857920
27903185
27693880
27662237
27259180
27791889
27029450
27067961
27222395
27924009
27322980
27623316
27895960
27035933
27927860
27416160
27444807
27841470
27299316
27805378
27278191
27264753
27189664
27675840
27761863
27960233
27126921
27894461
27997873
27112385
27326801
27182518
27553716
27596852
27442006
27405637
27793826
27758604
27853938
27941523
27451234
27621002
27943210
27022609
27394136
27309584
27322936
27422319
27580198
27148356
27954403
27112824
27469032
27111742
27942391
27026723
27504588
27051104
27767632
27052075
27723003
27660373
27500638
27637915
27762544
27383606
27931218
27083112
27125189
27573474
27017909
27145946
27493667
27333219
27028458
27644418
27635706
27102249
27410251
27761051
27163657
27346250
27776374
27689192
27536091
27430999
27564590
27592848
27314761
27155913
27668820
27692665
27290326
27343692
27008082
27809415
27483370
27149480
27161630
27364112
27727161
27445700
27481183
27861128
27164851
27764241
27618550
27937426
27126926
27365954
27241858
27459886
27694478
27625232
27628148
27395633
27432151
27158236
27802303
27085761
27978347
27719836
27061780
27338713
27771449
27762800
27616286
27995302
27520939
27743790
27972196
27805099
27055955
27887060
27493142
27900535
