36 53 52 97
60 27 18 46
27 68 30 40
39 18 16 29
29 71 58 28
14 34 59 20
10 31 65 55
32 49 35 43
36 37 42 97
46 74 36 23
75 66 40 42
57 50 78 63
73 48 69 27
19 11 91 23
72 12 40 20
57 74 39 23
41 77 19 84
58 81 17 60
67 64 25 98
54 57 46 17
96 59 28 80
72 83 78 41
31 22 26 30
41 93 14 26
58 16 28 42
18 12 87 12
45 62 82 81
77 25 47 20
59 12 17 25
35 94 92 44
67 83 92 29
77 76 79 47
43 31 56 92
89 78 50 20
29 49 68 34
16 76 81 12
56 89 81 86
63 86 73 88
34 98 65 99
87 28 83 36
80 15 63 45
76 32 83 61
90 30 71 39
74 21 60 54
69 10 43 49
85 95 97 37
44 38 76 75
10 60 18 96
30 79 35 15
70 18 15 72
48 39 56 99
24 45 16 67
52 90 55 13
99 39 71 14
16 24 10 56
88 44 32 22
50 13 94 95
33 42 78 19
38 91 27 79
19 24 53 70
71 49 59 61
27 24 31 43
36 30 82 26
33 33 61 75
26 29 65 54
85 40 73 35
89 22 46 32
87 38 47 80
21 42 89 84
84 64 96 13
95 51 94 67
25 24 11 53
95 61 34 50
52 13 51 68
98 66 19 93
51 86 75 90
93 26 45 37
70 43 35 11
48 25 79 13
82 37 87 52
55 37 40 77
82 34 28 21
47 14 93 62
68 11 22 99
38 97 58 69
94 64 46 48
45 44 20 86
65 15 33 63
98 51 74 22
21 80 23 32
53 44 33 23
70 85 88 96
62 69 84 91
54 17 38 17
55 11 73 41
21 31 41 66
64 90 88 15
85 92 62 66
14 72 91 57
