1004 1006 1003 1002
1000 1007 5379 5726
1009 1006 1004 1005
1007 1008 1001 1002
1009 1001 1000 1004
1008 1002 1008 1007
1007 1000 2043 1000
1007 5662 1000 1002
1000 1004 1000 1006
1008 1000 1005 1001
1000 6412 1005 1003
1002 1002 1005 1008
1002 1006 1009 1006
1000 1007 1005 1002
1000 1005 1000 1007
1009 1009 1009 8454
1009 1001 1006 1006
5375 1002 1008 1009
2011 1000 1006 1000
1003 1003 6022 1002
1009 1007 1009 1008
1006 1002 1007 1003
1001 1003 1000 1009
1005 4323 1005 1006
1001 8780 1009 1009
1001 1009 1003 1000
1002 1001 1007 1000
1000 1006 1004 1006
4075 8226 1008 1007
1001 1001 1006 1005
1004 1005 1004 8201
4046 1001 1001 1009
1004 1000 1005 1009
1005 1006 1009 1009
1009 1008 5145 1009
1007 1006 1007 1003
1003 1008 1001 1009
1007 1008 1009 1003
1001 1009 1000 1000
9289 1005 1000 1006
1004 6783 1007 1003
1001 1003 1008 1005
1005 1009 1006 1007
1007 1001 1009 1004
1007 1008 1002 1009
1009 1002 1007 1001
1001 1004 1002 1003
7775 6152 1004 1002
1000 1003 1002 1003
1004 1008 1002 1000
